tag                                     day             week           month          quarter           year        
byobw                              2.19172189762   1.83675144332   1.60486583929   1.56441003829   1.48975031885    
wondercon                          2.81536324764   1.64327350208   1.07576641151   1.00176806543   1.01140426471    
baytobreakers                      2.89229972427   2.27197376215   2.13863662768   2.00511344546   1.48975031885    
bild                               2.93727438226   2.70172877127   2.07456965902   1.60137013702   1.07755632707    
airshow                            2.93741502021   2.05643164626   2.16225386659   1.91183117881   1.27985422583    
hires                              2.98685063873   2.76430551102   2.18803363963   1.77796903115   1.07755632707    
stockphoto                         3.07255551691   2.87040152555   2.36949286595   2.03763042346   1.26585675187    
resolution                         3.08492220858   2.82780866638   2.07472544632    1.7848207945   1.07755632707    
jpeg                               3.12055603129   2.92945699209   2.46550241979   2.05663651188    1.3337360272    
jpg                                 3.1386444637   2.89708357744    2.3203335713   1.96482220031    1.3337360272    
cherryblossomfestival              3.26175468515   2.70653921468    2.3398156413   2.04004848988   1.48975031885    
sfpride                            3.28362417341    2.1744449303    1.9743087979   1.73564267334   1.48975031885    
geo                                3.34661997411   3.11767354697   2.47336519644   2.07034031098   1.48975031885    
googleio                           3.35234180569   2.18361206928   2.17067961209   1.75154769968   1.48975031885    
caltrans                           3.37607575117   3.34051820648    3.0715494403   2.55524201604   1.48975031885    
carnaval                           3.37690148599   3.11332919929   2.61351606215   1.88181000102   1.48975031885    
blueangels                         3.39193602864   2.69501286956   2.34202719243   2.03428288352   1.48975031885    
prop8                              3.43532136966   2.94382215337   2.61670533872   2.14109680476   0.900256051269   
macworld                           3.50122857973   2.53618539599   2.09102352862   1.85195560689   1.48975031885    
sundaystreets                       3.6419590052   3.59861131108   3.36055370874   2.75354457769   1.48975031885    
cc                                 3.64286589617   3.29964101049   2.88635036523    2.536868837    1.48975031885    
fleetweek                           3.6737020288   2.95052248322   2.54504936588   2.09694640472   1.48975031885    
ajscamera                          3.67468137093   3.32539846684   3.00413687178   2.39492645825   1.01140426471    
cosplay                            3.74557254242   3.49323761428   3.16131281538   2.80666610385   1.48975031885    
nikoncoolpixs6000                  3.80510650418   2.82968331492   1.60074534315   1.37398608009    0.6829081047    
marriage                           3.84474940306   3.69210122405   3.30274674115   2.69032841219   1.48975031885    
加州                               3.87086317525   3.61138784868   3.17753757531   2.59888609423   1.48975031885    
wwdc                               3.87095603722   2.63244532979   1.97218168612    1.9506344936   1.48975031885    
chihuly                            3.95263970861   3.02315748174    2.3124257085   1.77785429998   1.24068429195    
worldseries                         3.9990018184   3.50441359133   3.15458317146   2.56834344152   1.48975031885    
alpha                              4.00917063068   3.58750906469   3.08169931561   2.62336674242   1.48975031885    
fireworks                          4.01627940975   3.69245787192    3.2683240204   2.75480087051   1.48975031885    
nihonmachi                         4.05273381747   3.64691298871    3.3026309922   2.79438456689   1.48975031885    
foto                               4.06688078777   3.83155546327   3.34543183968   2.67293916605   1.48975031885    
eua                                4.08103778728   3.33032778135   2.85216402194   2.49500212041   1.27985422583    
costumes                            4.0822798542   3.88276105916   3.45896041887   2.72510167279   1.48975031885    
rally                               4.097193187    3.85889224609   3.50979403328   2.91860654439   1.48975031885    
ucsfschoolofdentistry              4.10858940174   3.79105310228   3.14132242863   2.47710603957   1.01140426471    
pride                              4.20604251529   3.75688840044    3.4610610255    2.8642962513   1.48975031885    
museo                              4.20986290895   3.91421140025   3.61200770922   2.86336591779   1.48975031885    
舊金山                             4.26358822825   3.91003465775    3.3971256666   2.82016899743   1.48975031885    
race                               4.30325984633   4.08976291574   3.48853969892   2.75083582879   1.48975031885    
lgbt                               4.30648206409    3.9340193534   3.40546478349   2.83869181545   1.48975031885    
1600squirrels                      4.36409256089   4.27117087228   3.56431530497   2.77790706605   1.48975031885    
museums                            4.39015571278   4.19008579733   3.63951131771   2.87299281467   1.48975031885    
celebration                        4.40590241557   4.04646657926   3.59680980414   2.86310253812   1.48975031885    
restaurantguide                    4.42518440607   4.07323743764   3.33298059879   2.47324947952   1.01140426471    
restaurantreview                   4.43666613816   4.08956033401   3.33298059879   2.47324947952   1.01140426471    
halloween                          4.46221741118   3.75149126015   3.14465509659   2.49274927924   1.27985422583    
lenstagged                         4.49245007916   4.36656123884   3.60651101677   2.77790706605   1.48975031885    
foodnutcom                         4.51875615023   4.18652743787    3.4642119914   2.60712639173   1.27985422583    
nocal                              4.55171793993   4.37601802078   3.65954912553   2.81898953989   1.48975031885    
victorianarchitecture              4.55398007456   3.94220006762   3.36216651011    2.6472148021   1.48975031885    
high                               4.56216267974   4.40555734699   3.84046348487   2.87299281467   1.48975031885    
parade                             4.56817605709   4.22288301396   3.76610145873   2.91860654439   1.48975031885    
northern                           4.57627366286    4.247044912    3.70738478746   2.82519238905   1.48975031885    
photowalk                          4.57718499143   4.32535023098   3.70078398451   2.87299281467   1.48975031885    
national                           4.62098720824    4.4417821806   3.74772996933   2.87299281467   1.48975031885    
amerika                            4.62488186037   4.09791503654   3.57825788608   2.81186039552   1.48975031885    
estadosunidos                      4.63339403516   3.81408012992   3.27730432253   2.71396392855   1.48975031885    
fyc                                4.63460770933   4.14768730163   3.38290592837   2.52029604593   1.27985422583    
events                             4.63936119747   4.26360220663    3.6620033514   2.79157766491   1.48975031885    
january                            4.65521784776   3.32491372667   2.60961442382   1.95366710458   1.48975031885    
november                            4.6575411779   3.40656992744   2.58945665865   1.95251724437   1.27985422583    
σανφρανσίσκο                       4.69277154536   4.31916679183   3.65698180387   2.91860654439   1.48975031885    
october                            4.70501077485   3.38727497944    2.3969923297   2.00854874279   1.27985422583    
february                           4.71229900651   3.40161893084   2.62265406481   2.03095087958   1.48975031885    
saofrancisco                       4.72272945431   4.35153360624   3.67410142761   2.91860654439   1.48975031885    
august                             4.72723252217   3.46376051009   2.69291496832    2.147689363    1.48975031885    
june                               4.72830203725    3.5626135429   3.02319081879   2.62818853966   1.48975031885    
conference                         4.73346195996   4.28215458115   3.66895734986   2.87299281467   1.48975031885    
december                           4.73982952407   3.42682115191   2.63777485637   2.30103513467   1.48975031885    
may                                4.76824718352   3.63239961345   2.91959650743   2.37430491986   1.48975031885    
september                           4.7703745695   3.47497720468   2.52795982606   2.34575881084   1.27985422583    
westernaddition                    4.77535417207   4.44151157468   3.83516455522   2.91860654439   1.48975031885    
picture                            4.77706074371   4.48106821939   3.86522898764   2.87299281467   1.48975031885    
mosconecenter                       4.8045570737   4.31999124174   3.77807425301   2.87299281467   1.48975031885    
moscone                            4.81205157291    4.3269844022   3.71286184863   2.87299281467   1.48975031885    
davidhanddotnet                    4.82037502665   4.03289410994   2.92892238086   1.80911786401        0.0         
event                              4.82512854291   4.52146794692   3.89508736039   2.91860654439   1.48975031885    
samsung                            4.82614227102   4.11169249377   3.42875114472   2.70548565007   1.48975031885    
science                            4.84638400431   4.59593238301   3.95674087372   2.91860654439   1.48975031885    
performance                        4.85053914744   4.48646510448   3.86558908153   2.91860654439   1.48975031885    
memorial                           4.85107375425   4.56760960111   3.90353840985   2.87299281467   1.48975031885    
april                              4.85461699661   3.58309537777   2.78396251552   2.40193798744   1.48975031885    
mlb                                4.86960049852   4.35136381387   3.68788357174   2.88293519577   1.48975031885    
murals                              4.8817853253   4.59120961002   3.92494878814   2.91860654439   1.48975031885    
for                                4.88797944679   4.29954607961   3.58522553896   2.80404039552   1.48975031885    
justinhermanplaza                  4.90188262726   4.59673001342   3.83971351854   2.91860654439   1.48975031885    
july                               4.90452159795   3.74307884008   2.96248902746   2.50477586205   1.48975031885    
image                              4.92075662826   4.48960268705   3.71993273342   2.82519238905   1.48975031885    
cali                               4.92570678929   4.48262526335   3.85638332996   2.91860654439   1.48975031885    
foodie                             4.92815238079   4.52159037265   3.77475499883   2.91860654439   1.48975031885    
40d                                4.93553833722   4.29690029795   3.53663057057   2.77238945346   1.48975031885    
frisco                             4.94066428831   4.49666638499   3.89376277325   2.91860654439   1.48975031885    
sanfranciscocityhall               4.94682930586   4.52141865766   3.78419605258   2.91860654439   1.48975031885    
roadtrip                           4.97752265309   4.51567099908   3.85477083706   2.91860654439   1.48975031885    
march                              4.99240697755   4.11252207744   3.47294971881   2.89535815604   1.48975031885    
academyofsciences                  5.01416623358   4.64310781451   3.84451375411   2.91860654439   1.48975031885    
d7000                              5.01666440455   4.47440236738   3.53468946179   2.46272534198    1.3337360272    
yerbabuena                         5.03646608722   4.70307857388   3.89991143514   2.91860654439   1.48975031885    
sanfransisco                       5.04290923478    4.6766658646   3.90268545847   2.91860654439   1.48975031885    
iflickr                            5.04421434824   3.58902387404   2.32749654015   1.27985422583        0.0         
tour                               5.05063006061   4.68203417767    3.9272170679   2.91860654439   1.48975031885    
dolores                            5.05127682561   4.68212465844   3.93051913452   2.91860654439   1.48975031885    
fair                               5.05263483428   4.44732624298   3.74477916842   2.87299281467   1.48975031885    
sanfranciscomuseumofmodernart      5.05885877226   4.64764411562   3.82416187608   2.88293519577   1.48975031885    
architecturaldetail                5.07323834039   4.61743041365    3.8263265897   2.87299281467   1.48975031885    
nikond90                           5.07768228093   4.51629047047   3.79416103732   2.88084575564   1.48975031885    
thecity                            5.07894639701   4.61817625565   3.89384772319   2.91860654439   1.48975031885    
fall                               5.08040296465   4.34970255582   3.48492147011   2.72231047874   1.48975031885    
costume                            5.08297549068   4.70402992384   3.89416466768   2.91860654439   1.48975031885    
legionofhonor                       5.0844608449    4.7619907051   3.94821232424   2.91860654439   1.48975031885    
livemusic                          5.08924282864   4.65664983441   3.97820067551   2.91860654439   1.48975031885    
pacificheights                     5.09920452458   4.80845224953   3.92946405452   2.91860654439   1.48975031885    
sports                             5.09995473514    4.694049878    3.82141450652   2.91860654439   1.48975031885    
80                                 5.10575350334   4.70045372448   3.82599917865   2.86336591779   1.48975031885    
att                                5.12050364037   4.67629084485   3.90607968931   2.91860654439   1.48975031885    
mayfair                            5.12311251046   3.25428352319   2.06699322206   1.35416513558   0.450561208866   
wedding                            5.12394920274   4.74984097051   3.90171341716   2.91860654439   1.48975031885    
union                              5.12571984328    4.7853018221   3.91559927614   2.91860654439   1.48975031885    
united                             5.13581774339   4.67200665727   3.91312551223   2.91860654439   1.48975031885    
above                              5.13955986879   4.55436031472   3.73329826247   2.76494002145   1.48975031885    
states                             5.16898364553   4.67902555666    3.8783447285   2.91860654439   1.48975031885    
alcatrazisland                     5.17604498606   4.88545738421   3.94105380007   2.91860654439   1.48975031885    
sailing                            5.17685349284   4.72313316477   3.88715163871   2.91860654439   1.48975031885    
marketst                           5.18219273984   4.89188599648   3.97832407381   2.91860654439   1.48975031885    
fishermans                         5.19151164861   4.76698933522   3.91954139942   2.91860654439   1.48975031885    
sfzoo                              5.19162668867   4.76700475065   3.89108774122   2.91860654439   1.48975031885    
missiondolores                     5.19405581163    4.7336196509   3.94279375615   2.91860654439   1.48975031885    
show                               5.19646753738   4.80157769861   4.00018794906   2.91860654439   1.48975031885    
sony                               5.21749368354   4.72371959577   3.90870744393   2.91860654439   1.48975031885    
outdoor                             5.2187379605   4.87630235826   3.94637586067   2.91860654439   1.48975031885    
surf                               5.22536151308   4.82664805376   3.96140218223   2.87299281467   1.48975031885    
festival                           5.22719473694   4.76883711278   3.91016681649   2.91860654439   1.48975031885    
winter                             5.23680568389    4.3978234125   3.27598469634   2.48923401629   1.48975031885    
public                             5.24169344729   4.77486387073   3.96273461619   2.91860654439   1.48975031885    
101                                5.25454999712   4.85957485373   3.96485259709   2.91860654439   1.48975031885    
conservatoryofflowers              5.26779308411   4.92351498339   3.98450329302   2.91860654439   1.48975031885    
walk                               5.26869277431    4.836959371     3.9530894063   2.91860654439   1.48975031885    
exploratorium                      5.27108504705   4.87786711366   3.97331887511   2.91860654439   1.48975031885    
dancing                            5.28398031993   4.76778796584   3.93417014619   2.87299281467   1.48975031885    
arts                                5.2860660316   4.69784254906   3.87164794595   2.91860654439   1.48975031885    
haightashbury                      5.28915093275   4.92586938053   3.97485699144   2.91860654439   1.48975031885    
birthday                           5.29935181016   4.88294492903   3.97433021314   2.87299281467   1.48975031885    
ggnra                              5.30380790924   4.91710746993   3.97125617087   2.91860654439   1.48975031885    
foodporn                           5.31187242209   4.84042643231   3.91778645264   2.87299281467   1.48975031885    
2013                               5.31253979032   3.82788596976   2.89158439495   2.08463410422    1.3337360272    
botanicalgardens                   5.31260173703   4.71066919508   3.85038533529   2.79893385173   1.48975031885    
fun                                 5.3213979015   4.89346027178   3.96356396073   2.91860654439   1.48975031885    
ybike                              5.32476020744   3.95434528793   2.84019479319   2.03737124259   0.955699891113   
japaneseteagarden                  5.32561487882   4.94104249776   3.94611631835   2.91860654439   1.48975031885    
lynnfriedman                       5.33026562816   4.44667684819   3.52386706117   2.72454173462   1.48975031885    
gay                                5.33487522256   4.86980692425    3.9443397373   2.91860654439   1.48975031885    
places                             5.33582871118   4.84689853083   3.97058054396   2.91860654439   1.48975031885    
bakerbeach                         5.35205255431   4.97197083088   3.98427873698   2.91860654439   1.48975031885    
outdoors                           5.35426747823    4.9041886172   3.91695882193   2.87299281467   1.48975031885    
christmas                          5.35615478528   4.12972376135   3.33523816524   2.58835664518   1.48975031885    
sanfranciscozoo                     5.3645973428   4.90104953926   3.93721215024   2.91860654439   1.48975031885    
protest                            5.37122843754   4.90743288601   3.95784241007   2.91860654439   1.48975031885    
birdsofnortherncalifornia          5.37481791327   4.40243292259   3.36986056991   2.40942690367   1.27985422583    
life                               5.40002249732   4.92038133824   3.99199773832   2.91860654439   1.48975031885    
olympus                            5.40199488087   4.86514852598   3.97115099961   2.91860654439   1.48975031885    
dogpatch                           5.40255289666   4.98159025626   3.99856261221   2.91860654439   1.48975031885    
sfgiants                           5.40265970844   4.77036868985   3.84780754715   2.86393075143   1.48975031885    
goldengatenationalrecreationarea    5.4056555689   4.94536070424   4.00120292796   2.91860654439   1.48975031885    
publicart                           5.4082989315   4.94443542888   3.95040826883   2.91860654439   1.48975031885    
nikkor                             5.41615109259   4.88744752859   3.95610567413   2.87299281467   1.48975031885    
abandoned                          5.42389698088   4.96275301436   3.97104310336   2.91860654439   1.48975031885    
fashion                            5.42903416322   4.96600473285   3.94734952964   2.91860654439   1.48975031885    
trip                               5.43484702054   4.76877000965   3.98551137087   2.87299281467   1.48975031885    
7d                                 5.45432669185   4.64056956326   3.59907935583   2.65895469313   1.48975031885    
animals                            5.46136403859   5.02223797558   3.96272841532   2.91860654439   1.48975031885    
californie                         5.46307959556   4.74312170194   3.93825777183   2.91860654439   1.48975031885    
landsend                           5.47974410527   5.06730538899   4.00298159186   2.91860654439   1.48975031885    
historic                           5.48250261574   5.05963570675   3.99199492487   2.91860654439   1.48975031885    
live                               5.48431684508   5.00708350091   3.98190886424   2.91860654439   1.48975031885    
tourist                            5.48736940914   5.02668982799   3.98250473686   2.91860654439   1.48975031885    
modern                             5.49223199342   5.06000181489   4.01874456946   2.91860654439   1.48975031885    
ucsf                               5.49419796274   5.00653257262   4.00168692243   2.91860654439   1.48975031885    
club                               5.49486643695   4.97222125336   4.01874456946   2.91860654439   1.48975031885    
sunny                              5.49584257361   4.92086144132   4.00271342673   2.91860654439   1.48975031885    
shozu                              5.50028134965   4.32422204992   3.03556033549   2.15128172065   0.636514168295   
dance                              5.51251530118   5.02606355089    3.9504119237   2.91860654439   1.48975031885    
chinese                            5.53000905421   5.06840232295   4.01874456946   2.91860654439   1.48975031885    
rain                               5.53553966314   4.82318007577    3.8419206477   2.87299281467   1.48975031885    
center                             5.54167936043   5.00806383903   3.99529050803   2.91860654439   1.48975031885    
advertising                        5.54391132514   5.00857741623   4.00065495791   2.91860654439   1.48975031885    
kalifornien                        5.55593981869   4.81441960311   3.91521699603   2.91860654439   1.48975031885    
zoo                                 5.5568690209   5.06062883737   3.94966828413   2.91860654439   1.48975031885    
dinner                              5.563448758    5.03828566383   4.00381233495   2.87299281467   1.48975031885    
crissyfield                        5.56861070107   5.07051111335   4.00074704207   2.91860654439   1.48975031885    
movement                            5.5688043385   4.93819181992    3.8593441217   2.91860654439   1.48975031885    
sutrobaths                         5.58427723836   5.09664089447   4.01774814224   2.91860654439   1.48975031885    
band                               5.58486315805    5.0759673798   4.03001553192   2.91860654439   1.48975031885    
spring                             5.58721728111   4.63194333427   3.63394386098   2.81548026914   1.48975031885    
landmark                           5.58977404575   5.10294131114   4.01874456946   2.91860654439   1.48975031885    
asian                              5.59016245456   5.02285720822   3.92266370542   2.91860654439   1.48975031885    
deyoungmuseum                      5.60193359705    5.0574444227   4.01874456946   2.91860654439   1.48975031885    
over                               5.60803866502   5.04087920787   3.91796968276   2.91860654439   1.48975031885    
2008                               5.61119105483   4.07773088687   3.23253790367   2.43903101774   1.27985422583    
design                             5.61369260097   5.05287535598   4.00065495791   2.91860654439   1.48975031885    
dolorespark                        5.61420544129   5.08844952583    3.9855711148   2.91860654439   1.48975031885    
nikond300                           5.6267921566   4.76530903879   3.81241372717   2.82284151987   1.48975031885    
aquarium                           5.62720353429   5.06683333082   3.96453173897   2.91860654439   1.48975031885    
wharf                              5.63176358179   5.10266812464   3.98697331532   2.91860654439   1.48975031885    
holiday                            5.63625529864   4.83450589069   3.96953506689   2.91860654439   1.48975031885    
lombardstreet                      5.64489214788   5.13885424866   4.00381233495   2.87299281467   1.48975031885    
coast                              5.64960411893   5.08662838754   4.01874456946   2.91860654439   1.48975031885    
sanfranciscogiants                 5.65562542314   4.92673464772   3.88285895378   2.91860654439   1.48975031885    
parks                              5.66615847865   4.78419985922   3.82824740583   2.82077113157   1.48975031885    
cable                              5.67177306161   5.08225315401   4.01874456946   2.91860654439   1.48975031885    
サンフランシスコ                   5.67359799023   5.06399366779   3.96463029207   2.91860654439   1.48975031885    
southofmarket                      5.68787887828   5.15727896749    3.9838800669   2.91860654439   1.48975031885    
flickr                             5.69577063993   5.12093653661   4.01874456946   2.91860654439   1.48975031885    
japanese                           5.71026688025   5.13798695496   4.01874456946   2.91860654439   1.48975031885    
friends                            5.71096154843   5.08978275809   3.98415754837   2.91860654439   1.48975031885    
fire                               5.71493727917    5.1581543964   4.01874456946   2.91860654439   1.48975031885    
raw                                5.71646633868   5.05794221799   3.94181278954   2.87299281467   1.48975031885    
haight                             5.71655353372   5.17805791007   4.01874456946   2.91860654439   1.48975031885    
sfo                                5.72129571621   5.06437757595    4.0210607008   2.91860654439   1.48975031885    
fortpoint                          5.72243925835   5.17145849768   4.00074704207   2.91860654439   1.48975031885    
tnkgrl                             5.73342645071    4.9383096072   3.83485914763   2.75662778607   1.27985422583    
d90                                5.74918427862   5.03956030983   3.89986951032   2.83219274921   1.48975031885    
lowerhaight                        5.75188330165   5.10059402152   3.98713543731   2.87299281467   1.48975031885    
party                               5.7602882988   5.15457281992   4.01874456946   2.91860654439   1.48975031885    
westcoast                          5.76198730339   5.09374512115   4.01594278771   2.91860654439   1.48975031885    
lowlight                           5.76475178196   5.07044250086   3.92886371883   2.91860654439   1.48975031885    
area                               5.77350588357   5.10993518523   3.97090432883   2.91860654439   1.48975031885    
marina                             5.77374850881   5.18206273564   4.03345703059   2.91860654439   1.48975031885    
sanfran                            5.77499161916   5.00017542176   4.01874456946   2.91860654439   1.48975031885    
victorian                          5.78520909005   5.19877781566   4.03345703059   2.91860654439   1.48975031885    
animal                             5.79342193131   5.22552790208   4.01874456946   2.91860654439   1.48975031885    
family                             5.80302435993   5.14679311866   3.99956567013   2.91860654439   1.48975031885    
moon                               5.80442235305   5.04319748984   4.00381233495   2.91860654439   1.48975031885    
d200                               5.80501245365   4.86320636175   3.63972907303   2.76819509615   1.48975031885    
structure                          5.80921230323    5.139995811    3.96542047979   2.91860654439   1.48975031885    
japantown                           5.814736665    5.14997658452   4.01874456946   2.91860654439   1.48975031885    
ferry                              5.81789608506   5.26106808424   4.01874456946   2.91860654439   1.48975031885    
summer                             5.82056630862   4.83677902302   3.82031529728   2.91860654439   1.48975031885    
deyoung                            5.82304295915   5.18969603673   4.00381233495   2.87299281467   1.48975031885    
candid                             5.82613328088   5.19677985173   4.01874456946   2.91860654439   1.48975031885    
photostream                        5.83199438861   4.55159023013   3.14503948725   2.16996397674   1.07755632707    
tenderloin                         5.83721707128   5.17346928369   4.00271342673   2.91860654439   1.48975031885    
detail                             5.83964930057   5.19950809928   3.98737299511   2.91860654439   1.48975031885    
palaceoffinearts                   5.84321772021   5.21933894149   4.01874456946   2.91860654439   1.48975031885    
district                           5.85448682183   5.17561211817   4.01874456946   2.91860654439   1.48975031885    
rock                               5.86353745777   5.21389418649   4.00358648568   2.91860654439   1.48975031885    
metal                              5.86439468238   5.22613372284   4.03345703059   2.91860654439   1.48975031885    
lomofi                             5.87011259035   4.19257321308   3.01668704012    2.2518171325   1.48975031885    
50mm                               5.87539379277   5.13392757042   4.01874456946   2.91860654439   1.48975031885    
digital                            5.87858402274   5.10945048189   3.97341671005   2.91860654439   1.48975031885    
sausalito                          5.88372849415   5.24484001487   4.01727018303   2.91860654439   1.48975031885    
painting                           5.88502690795   5.27878844388   4.03345703059   2.91860654439   1.48975031885    
weatherbug                         5.89102624011   4.39756072822   3.21938913639   2.37066633703   1.01140426471    
day                                5.90636428776   5.25120468482   4.01874456946   2.91860654439   1.48975031885    
marin                               5.9066107415   5.25745429179   4.01874456946   2.91860654439   1.48975031885    
noflash                            5.91039770326   4.62766230571   3.57194825361   2.74078381102   1.48975031885    
prison                             5.91051707062   5.23358515648   4.00336789167   2.91860654439   1.48975031885    
vintage                            5.91125023844   5.19132143723    4.0081293783   2.91860654439   1.48975031885    
themission                         5.91531858423   5.21141722723   4.01874456946   2.91860654439   1.48975031885    
cafe                               5.91617852608   5.26298080975   4.00381233495   2.87299281467   1.48975031885    
2009                               5.92021023665   4.34543965366   3.16668332711    2.2436550952   1.24068429195    
d700                               5.92432422822   5.14149738661   3.93260070508   2.90427002038   1.48975031885    
skyscraper                         5.92675601323   5.26588912393   4.01874456946   2.91860654439   1.48975031885    
airme                              5.93005727287   4.42712878816   3.21938913639   2.37066633703   1.01140426471    
picplz                             5.93031485549   4.24289206791   2.88384539728   1.93697449185    0.6829081047    
road                                5.9425270093   5.27771360062   4.01874456946   2.91860654439   1.48975031885    
2012                               5.95083353533   4.41795713768   3.41070036177   2.51364005785   1.26585675187    
d300                               5.95969655474   4.93014021865   3.83711330504   2.82519238905   1.48975031885    
telegraphhill                      5.97641562426   5.28640900728   4.00074228919   2.91860654439   1.48975031885    
2011                               5.97817045188   4.28950267128    3.1912928646   2.34895820208   1.27985422583    
concert                            5.98685563335   5.23267433438   4.00074704207   2.91860654439   1.48975031885    
dslr                               5.98786761479   5.02560095723   3.91934995378   2.86895502247   1.48975031885    
photo                              5.99591542679   5.28173243127   4.01874456946   2.91860654439   1.48975031885    
twinpeaks                          5.99664152338   5.30156467981   4.01874456946   2.91860654439   1.48975031885    
plants                             5.99785750504   5.21698065321   3.98842086971   2.91860654439   1.48975031885    
fish                               6.00005505534   5.31237530723   4.01667514081   2.91860654439   1.48975031885    
2010                               6.00122782412   4.45051769357   3.46633832326   2.77675283581   1.48975031885    
construction                       6.01071324965   5.26459303938   4.01874456946   2.91860654439   1.48975031885    
potrerohill                         6.0139583854   5.25111249985   4.01874456946   2.91860654439   1.48975031885    
vacation                           6.01617145834   5.11009674922   4.00256802329   2.91860654439   1.48975031885    
cars                               6.01944584491   5.31879877996   4.03345703059   2.91860654439   1.48975031885    
sunrise                            6.02101833972   5.27135286878   4.01022232248   2.91860654439   1.48975031885    
ship                               6.02341682874   5.26316697167   4.01874456946   2.91860654439   1.48975031885    
californiaacademyofsciences        6.02659187876   5.28764877219   4.00336615818   2.91860654439   1.48975031885    
treasureisland                     6.02961074015   5.29573346618   4.01874456946   2.91860654439   1.48975031885    
iphone4photo                       6.03570800598   4.72784495361   3.34901519272    2.2827299172   1.06085694716    
eos                                6.03588331095   5.05524626894   3.86449547987   2.86730511402   1.48975031885    
iphone4camera                      6.03796019682    4.7361190708   3.34901519272   2.37198133064   1.06085694716    
sea                                6.04259011724   5.31439578407   4.00381233495   2.91860654439   1.48975031885    
cityhall                           6.04576854892   5.32140255313   4.01874456946   2.91860654439   1.48975031885    
attpark                            6.04743203833   5.18446136317   3.96592327058   2.91860654439   1.48975031885    
macro                              6.05577750132   5.28608941786   4.01874456946   2.91860654439   1.48975031885    
dusk                               6.06712924302   5.31950326931   4.01874456946   2.91860654439   1.48975031885    
marinheadlands                     6.07483727019   5.32650271578   4.01874456946   2.91860654439   1.48975031885    
instagram                          6.07581783848   4.87031409237   3.53468946179   2.46272534198    1.3337360272    
island                              6.0778735443   5.29501262331   4.01874456946   2.91860654439   1.48975031885    
signs                              6.08209331135    5.225430348    4.00381233495   2.91860654439   1.48975031885    
nobhill                            6.08265344153    5.2918159519   4.00358648568   2.91860654439   1.48975031885    
traffic                            6.09064927019   5.35538980608   4.01874456946   2.91860654439   1.48975031885    
civiccenter                         6.0911543612   5.30512365482   4.01874456946   2.91860654439   1.48975031885    
pacificocean                        6.0921913031   5.27944587222   4.01874456946   2.91860654439   1.48975031885    
reflections                        6.09661745551   5.27202169531   4.01667514081   2.91860654439   1.48975031885    
streetphotography                  6.10787260383   5.30168360034   4.01874456946   2.91860654439   1.48975031885    
streetcar                          6.11325215606   5.32165442549   4.01874456946   2.91860654439   1.48975031885    
camera                             6.11849378719   5.33788843264   4.00381233495   2.91860654439   1.48975031885    
dark                               6.12377058821   5.34328669077   4.01874456946   2.91860654439   1.48975031885    
35mm                               6.12681770355   5.30076911643   4.01874456946   2.91860654439   1.48975031885    
flickrhq                           6.13775094547   5.35001637037   4.01874456946   2.91860654439   1.48975031885    
baseball                           6.13776296842    5.2150232917    4.0010329482   2.91860654439   1.48975031885    
garden                             6.13929386392   5.34594891427   4.03345703059   2.91860654439   1.48975031885    
giants                             6.14098275383   5.17473639431   3.98427255867   2.91860654439   1.48975031885    
transamericapyramid                6.14890872786   5.31544993469   4.01874456946   2.91860654439   1.48975031885    
beer                               6.15056599386   5.34370910009   4.03345703059   2.91860654439   1.48975031885    
sanfranciscocalifornia             6.16706475731   5.27651308166   4.01314076503   2.91860654439   1.48975031885    
windows                            6.17026386312   5.26381087571   4.01874456946   2.91860654439   1.48975031885    
me                                 6.17173409703   5.31512476475   4.00221425569   2.91860654439   1.48975031885    
unitedstatesofamerica              6.17413745865   5.24381327338   4.01874456946   2.91860654439   1.48975031885    
abstract                            6.1798281235   5.32424959558   4.01874456946   2.91860654439   1.48975031885    
sierra                             6.18058621814   4.39199567694    3.1026761013   2.40446793878   1.48975031885    
oceanbeach                         6.18509082566   5.36227747953   4.03345703059   2.91860654439   1.48975031885    
pier39                             6.19396385176   5.36289357693   4.01874456946   2.91860654439   1.48975031885    
sun                                6.19413827941     5.35721517    4.01874456946   2.91860654439   1.48975031885    
boat                                6.196077407    5.34911788079   4.01874456946   2.91860654439   1.48975031885    
apple                              6.20645310204   5.33396974175   4.03345703059   2.91860654439   1.48975031885    
woman                              6.21056908437   5.36816985478   4.01874456946   2.91860654439   1.48975031885    
market                              6.2176830626   5.37973522214   4.01874456946   2.91860654439   1.48975031885    
man                                6.22065738085   5.36264752296   4.01874456946   2.91860654439   1.48975031885    
guesswheresf                       6.22163353075   5.34096112453   4.01874456946   2.91860654439   1.48975031885    
hill                               6.22213712354    5.3655069174   4.03345703059   2.91860654439   1.48975031885    
phone                              6.22951049734    5.3430051807   4.00336789167   2.91860654439   1.48975031885    
bicycle                            6.23465921546    5.4088010643   4.03345703059   2.91860654439   1.48975031885    
sanfranciscoca                     6.24268805964   5.27914858093   4.00947193846   2.91860654439   1.48975031885    
sfmoma                             6.24370154144    5.3485373195   4.01874456946   2.91860654439   1.48975031885    
castro                             6.24452150121   5.36068112938   4.01874456946   2.91860654439   1.48975031885    
karlsbad                           6.24788082941   5.04826471016   3.80986848686   2.85004439457   1.48975031885    
karlschultz                        6.24788082941   5.04826471016   3.80986848686   2.85004439457   1.48975031885    
house                               6.2514145398   5.37481052911   4.01874456946   2.91860654439   1.48975031885    
bike                               6.26972195223   5.38616529464   4.03345703059   2.91860654439   1.48975031885    
wall                               6.27410775208   5.40936423852   4.01874456946   2.91860654439   1.48975031885    
statue                             6.27500360677   5.37497706523   4.01874456946   2.91860654439   1.48975031885    
glass                              6.31833653501   5.39356819388   4.01874456946   2.91860654439   1.48975031885    
coffee                              6.3234934279   5.38353352549   4.03345703059   2.91860654439   1.48975031885    
lofi                               6.32466237262    4.4679830391   3.31625543984   2.47572312522   1.48975031885    
blackwhite                         6.33230698106   5.35741979739   4.01874456946   2.91860654439   1.48975031885    
girl                               6.34116650758   5.38821004524   4.01874456946   2.91860654439   1.48975031885    
neon                                6.3427223098   5.41562457857   4.01874456946   2.91860654439   1.48975031885    
music                              6.35370453333   5.37641222977   4.01874456946   2.91860654439   1.48975031885    
pacific                            6.35924027257   5.43280149297   4.01874456946   2.91860654439   1.48975031885    
pink                                6.377030163    5.40336887731   4.01874456946   2.91860654439   1.48975031885    
photography                        6.37766889942   5.37172137349   4.03345703059   2.91860654439   1.48975031885    
nashville                          6.38557123764   4.85581475472   3.45966125683   2.48196183797    1.3337360272    
hotel                              6.38759624679   5.41284800434   4.01874456946   2.91860654439   1.48975031885    
us                                 6.39552781634    5.3735358013   4.01874456946   2.91860654439   1.48975031885    
missiondistrict                     6.4058694877   5.39246466141   4.03345703059   2.91860654439   1.48975031885    
inkwell                            6.40891945417   4.84589283074   3.44965605091   2.46272534198    1.3337360272    
nature                             6.41025274118   5.41010368594   4.01874456946   2.91860654439   1.48975031885    
walden                             6.41303516346   4.85315622036   3.45012379762   2.38041125662   1.07755632707    
foodspotting                       6.41538010405   4.95318784485    3.6207600375   2.63270451132    1.3337360272    
northbeach                          6.4180996125    5.4100548377   4.01874456946   2.91860654439   1.48975031885    
trees                              6.42446188039    5.4352635631   4.03345703059   2.91860654439   1.48975031885    
birds                              6.42473923878   5.39773452885   4.01874456946   2.91860654439   1.48975031885    
iphone4                            6.42956873251   4.92261590818    3.6725512618   2.70044433207    1.3337360272    
hudson                             6.42989036246   4.58793166408   3.27626460568   2.45519049781   1.48975031885    
landscape                          6.43157023459   5.42544847695   4.03345703059   2.91860654439   1.48975031885    
cablecar                           6.43214922228   5.40400626082   4.01874456946   2.91860654439   1.48975031885    
coittower                          6.43825111386   5.44516620341   4.01874456946   2.91860654439   1.48975031885    
church                              6.4456113165   5.42472006342   4.01874456946   2.91860654439   1.48975031885    
pier                               6.44921806323   5.43881411237   4.03345703059   2.91860654439   1.48975031885    
transamerica                       6.45210742303   5.40882614472   4.01874456946   2.91860654439   1.48975031885    
amaro                              6.45221740193   4.54753719403   3.12869513837   2.07173671765   1.07755632707    
gwsf                               6.45306116539   5.40587869158   4.01874456946   2.91860654439   1.48975031885    
fishermanswharf                     6.4780358653    5.4242342836   4.01874456946   2.91860654439   1.48975031885    
buildings                          6.47862486421   5.41098925257   4.01874456946   2.91860654439   1.48975031885    
rise                                6.4794405078   4.61553747455   3.35640530362   2.58903537536   1.48975031885    
presidio                           6.48073100088   5.42797470043   4.01874456946   2.91860654439   1.48975031885    
fog                                6.48322862029   5.36356911876   4.03345703059   2.91860654439   1.48975031885    
iphonephoto                        6.49197340831   5.20470052503   3.93196431135   2.87299281467   1.48975031885    
marketstreet                       6.49270842287    5.4236456857   4.01874456946   2.91860654439   1.48975031885    
bar                                6.49741813968   5.42434917722   4.01874456946   2.91860654439   1.48975031885    
brannan                            6.49796239929   4.83864877206   3.64556430013   2.80249828179   1.48975031885    
tower                              6.51260329623   5.42441713135   4.01874456946   2.91860654439   1.48975031885    
sidewalk                           6.51441000095   5.43006879848   4.01874456946   2.91860654439   1.48975031885    
view                               6.52041878509   5.43587505095   4.03345703059   2.91860654439   1.48975031885    
clouds                             6.53000864685   5.41548966596   4.01874456946   2.91860654439   1.48975031885    
cityscape                          6.53019809397   5.43704091872   4.03345703059   2.91860654439   1.48975031885    
ferrybuilding                      6.54692219665   5.44627558066   4.03345703059   2.91860654439   1.48975031885    
bird                               6.55822852097   5.45290208227   4.01874456946   2.91860654439   1.48975031885    
dog                                6.57407894003   5.46313260892   4.03345703059   2.91860654439   1.48975031885    
normal                             6.59613436691   4.80174216496   3.45825141313   2.50950172525   1.48975031885    
圣佛朗西斯科                       6.59775802242   5.17431165521    3.8456378827   2.87299281467   1.48975031885    
美利坚合衆国                       6.60282189334   5.17431165521    3.8456378827   2.87299281467   1.48975031885    
danielhoherd                       6.60432047668   5.17431165521    3.8456378827   2.87299281467   1.48975031885    
flower                              6.6068671133   5.44829185693   4.01874456946   2.91860654439   1.48975031885    
orange                             6.60700255011    5.4477494953   4.03345703059   2.91860654439   1.48975031885    
museum                              6.6071737313   5.47134388733   4.01874456946   2.91860654439   1.48975031885    
danielaustinhoherd                  6.6105101309    5.1884985098   3.88126784264   2.87299281467   1.48975031885    
加利福尼亚                         6.61058805025   5.17997899515    3.866029615    2.87299281467   1.48975031885    
unionsquare                        6.61553316583   5.45998021405   4.01874456946   2.91860654439   1.48975031885    
america                            6.61787071392   5.38665403612   4.01874456946   2.91860654439   1.48975031885    
sfba                               6.61789870807   5.20269072244   3.88126784264   2.87299281467   1.48975031885    
travel                             6.62138660352    5.4255358144   4.01874456946   2.91860654439   1.48975031885    
mural                               6.6231836316   5.45132206297   4.01874456946   2.91860654439   1.48975031885    
financialdistrict                  6.63119833253   5.44815646122   4.01874456946   2.91860654439   1.48975031885    
tree                               6.63301507933   5.45592108309   4.01874456946   2.91860654439   1.48975031885    
valencia                           6.63487445901   5.18609173096   3.99880947661   2.91860654439   1.48975031885    
hdr                                6.63899686212   5.44114222762   4.03345703059   2.91860654439   1.48975031885    
旧金山                             6.64804219925   5.26661942474    3.9514622754   2.91860654439   1.48975031885    
longexposure                       6.65516817698   5.46300802321   4.01874456946   2.91860654439   1.48975031885    
window                             6.65855128034   5.44531568829   4.01874456946   2.91860654439   1.48975031885    
streetart                          6.66239738117   5.41124876284   4.01874456946   2.91860654439   1.48975031885    
beach                              6.67218227409   5.46158444671   4.03345703059   2.91860654439   1.48975031885    
sculpture                          6.68574453828   5.46889946779   4.01874456946   2.91860654439   1.48975031885    
panorama                           6.69036053887   5.46925901573   4.01874456946   2.91860654439   1.48975031885    
sutro                              6.69501069699   5.29368330624   4.03345703059   2.91860654439   1.48975031885    
film                               6.69754727757   5.44597247793   4.01874456946   2.91860654439   1.48975031885    
sanfranciscobay                    6.70185955032   5.46858960679   4.03345703059   2.91860654439   1.48975031885    
portrait                           6.70533181547   5.45984079656   4.01874456946   2.91860654439   1.48975031885    
white                              6.71016337716   5.47040931424   4.03345703059   2.91860654439   1.48975031885    
yellow                             6.71645254996   5.46343093199   4.03345703059   2.91860654439   1.48975031885    
soma                               6.71972199009   5.47505760015   4.01874456946   2.91860654439   1.48975031885    
geotagged                          6.71974553247   5.44671680521   4.01874456946   2.91860654439   1.48975031885    
hefe                               6.72010238837   4.85369364799   3.45012379762   2.38041125662   1.07755632707    
light                              6.73277272687   5.45585548061   4.01874456946   2.91860654439   1.48975031885    
earlybird                          6.73277920421   4.88281257648   3.47956879554   2.38041125662   1.07755632707    
car                                6.73668388917   5.46665850038   4.03345703059   2.91860654439   1.48975031885    
flowers                            6.74250319234   5.45467918572   4.01874456946   2.91860654439   1.48975031885    
lights                             6.74310640968   5.44137292446   4.01874456946   2.91860654439   1.48975031885    
restaurant                          6.7433861473   5.46373186511   4.01874456946   2.91860654439   1.48975031885    
moblog                             6.74572207442   5.33877035005   4.00381233495   2.91860654439   1.48975031885    
black                              6.74750364888   5.47441930373   4.03345703059   2.91860654439   1.48975031885    
color                              6.74982646324   5.46152291026   4.03345703059   2.91860654439   1.48975031885    
project365                         6.76662142267   5.45383772418   4.01874456946   2.91860654439   1.48975031885    
sfbayarea                          6.78073598589   5.39770023686   4.01586496579   2.91860654439   1.48975031885    
golden                             6.78205501225   5.47362611854   4.01874456946   2.91860654439   1.48975031885    
reflection                         6.78401020287   5.45854983345   4.03345703059   2.91860654439   1.48975031885    
northamerica                       6.78705003384   5.38530470692   4.01874456946   2.91860654439   1.48975031885    
xproii                              6.7884121058   4.88982739998   3.50801182083   2.46272534198    1.3337360272    
park                               6.79310361441   5.47824669516   4.03345703059   2.91860654439   1.48975031885    
people                             6.79656800393   5.46661477142   4.01874456946   2.91860654439   1.48975031885    
ocean                              6.79714023321   5.46938818647   4.03345703059   2.91860654439   1.48975031885    
embarcadero                        6.79945907445   5.47358032256   4.03345703059   2.91860654439   1.48975031885    
skyline                            6.80030565789   5.46065139982   4.01874456946   2.91860654439   1.48975031885    
eyefi                              6.82219802228   5.39844147846   4.01874456946   2.91860654439   1.48975031885    
chinatown                          6.82584927203    5.4716923816   4.01874456946   2.91860654439   1.48975031885    
sanfranciscobayarea                6.83394537977   5.39807991423   4.01874456946   2.91860654439   1.48975031885    
foundinsf                          6.83889086886   5.47869923309   4.03345703059   2.91860654439   1.48975031885    
gate                               6.84299487149   5.46190666373   4.01874456946   2.91860654439   1.48975031885    
goldengate                         6.84772519264   5.46877388255   4.03345703059   2.91860654439   1.48975031885    
green                              6.89323931469   5.48187731014   4.03345703059   2.91860654439   1.48975031885    
sunset                             6.89927652196   5.46458689623   4.01874456946   2.91860654439   1.48975031885    
alcatraz                           6.89939359891   5.45575498331   4.01874456946   2.91860654439   1.48975031885    
hipstamatic                         6.9076500579   5.20245007226   3.76578262786   2.72037948431   1.48975031885    
mission                            6.92239882918    5.4789360544   4.03345703059   2.91860654439   1.48975031885    
downtown                           6.92357836708   5.48187731014   4.01874456946   2.91860654439   1.48975031885    
instagramapp                       6.94175181906   5.00288482609   3.58779341439   2.53713853502    1.3337360272    
muni                               6.95288653273    5.4666750478   4.01874456946   2.91860654439   1.48975031885    
squareformat                       6.95999626693   5.09428034347   3.82397602444   2.85208328144   1.48975031885    
sanfranciscocounty                 6.96525288276   5.41327397196   4.00358648568   2.91860654439   1.48975031885    
365                                6.96741376383   5.34856375966   3.94872090699   2.86480796516   1.48975031885    
sky                                6.96900369442   5.47501267563   4.03345703059   2.91860654439   1.48975031885    
sfist                              6.99309633129   5.47100381426   4.01874456946   2.91860654439   1.48975031885    
red                                6.99525288331   5.48187731014   4.03345703059   2.91860654439   1.48975031885    
building                           7.00700112009   5.47841716552   4.03345703059   2.91860654439   1.48975031885    
graffiti                           7.01244642631   5.47762952882   4.01874456946   2.91860654439   1.48975031885    
urban                              7.01285034167   5.47842893155   4.03345703059   2.91860654439   1.48975031885    
blue                               7.02048935875   5.47840548261   4.03345703059   2.91860654439   1.48975031885    
iphoneography                      7.02945194341   5.22768856027   3.94377215286   2.91860654439   1.48975031885    
food                               7.03118356461   5.48142641695   4.03345703059   2.91860654439   1.48975031885    
baybridge                           7.0312873297   5.47844078042   4.01874456946   2.91860654439   1.48975031885    
sign                               7.04785350475   5.47106801771   4.01874456946   2.91860654439   1.48975031885    
goldengatepark                     7.05395375391   5.47840548261   4.01874456946   2.91860654439   1.48975031885    
water                              7.05732687832   5.47834832466   4.03345703059   2.91860654439   1.48975031885    
blackandwhite                      7.05927132857   5.48187731014   4.01874456946   2.91860654439   1.48975031885    
canon                              7.07271476771   5.46492236374   4.03345703059   2.91860654439   1.48975031885    
square                             7.08150358776   5.42510325591   4.03345703059   2.91860654439   1.48975031885    
northerncalifornia                 7.09148269052   5.47471696895   4.01874456946   2.91860654439   1.48975031885    
mobile                             7.10849745501   5.45978495759   4.01874456946   2.91860654439   1.48975031885    
bayarea                            7.11331910716   5.48187731014   4.01874456946   2.91860654439   1.48975031885    
bay                                7.13936668653   5.48187731014   4.03345703059   2.91860654439   1.48975031885    
art                                7.14387092525   5.48187731014   4.03345703059   2.91860654439   1.48975031885    
bw                                 7.14964683432   5.48187731014   4.01874456946   2.91860654439   1.48975031885    
city                               7.17894644537   5.48187731014   4.01874456946   2.91860654439   1.48975031885    
nikon                              7.19282450147   5.47774475562   4.01874456946   2.91860654439   1.48975031885    
architecture                       7.19995687556   5.48187731014   4.01874456946   2.91860654439   1.48975031885    
goldengatebridge                   7.20360851219   5.48187731014   4.03345703059   2.91860654439   1.48975031885    
night                              7.21207840321   5.48187731014   4.01874456946   2.91860654439   1.48975031885    
bridge                             7.23744851993   5.47844078042   4.01874456946   2.91860654439   1.48975031885    
cameraphone                        7.24157347792   5.48187731014   4.03345703059   2.91860654439   1.48975031885    
street                             7.26178437765   5.48187731014   4.03345703059   2.91860654439   1.48975031885    
ca                                 7.35556576208   5.48187731014   4.03345703059   2.91860654439   1.48975031885    
san                                7.35806643058   5.48187731014   4.01874456946   2.91860654439   1.48975031885    
francisco                          7.35814747684   5.48187731014   4.01874456946   2.91860654439   1.48975031885    
unitedstates                       7.38709500035   5.48187731014   4.03345703059   2.91860654439   1.48975031885    
iphone                             7.39159445283   5.48187731014   4.03345703059   2.91860654439   1.48975031885    
usa                                 7.392340418    5.48187731014   4.03345703059   2.91860654439   1.48975031885    
sf                                  7.4152726232   5.48187731014   4.03345703059   2.91860654439   1.48975031885    
california                         7.42865923742   5.48187731014   4.03345703059   2.91860654439   1.48975031885    
sanfrancisco                       7.42878225238   5.48187731014   4.03345703059   2.91860654439   1.48975031885    
